# This file may be used to create an environment using:
# $ conda create --name <env> --file <this file>
# platform: win-64
asgiref=3.7.2=pyhd8ed1ab_0
backports.zoneinfo=0.2.1=py311h1ea47a8_8
bzip2=1.0.8=h8ffe710_4
ca-certificates=2023.7.22=h56e8100_0
colorama=0.4.6=pyhd8ed1ab_0
django=4.2.5=pyhd8ed1ab_0
djangorestframework=3.14.0=pyhd8ed1ab_0
exceptiongroup=1.1.3=pyhd8ed1ab_0
iniconfig=2.0.0=pyhd8ed1ab_0
libexpat=2.5.0=h63175ca_1
libffi=3.4.2=h8ffe710_5
libsqlite=3.43.0=hcfcfb64_0
libzlib=1.2.13=hcfcfb64_5
openssl=3.1.3=hcfcfb64_0
packaging=23.1=pyhd8ed1ab_0
pip=23.2.1=pyhd8ed1ab_0
pluggy=1.3.0=pyhd8ed1ab_0
pytest=7.4.2=pyhd8ed1ab_0
pytest-django=4.5.2=pyhd8ed1ab_0
python=3.11.5=h2628c8c_0_cpython
python_abi=3.11=4_cp311
pytz=2023.3.post1=pyhd8ed1ab_0
setuptools=68.2.2=pyhd8ed1ab_0
sqlparse=0.4.4=pyhd8ed1ab_0
tk=8.6.13=hcfcfb64_0
tomli=2.0.1=pyhd8ed1ab_0
typing_extensions=4.8.0=pyha770c72_0
tzdata=2023c=h71feb2d_0
ucrt=10.0.22621.0=h57928b3_0
vc=14.3=h64f974e_17
vc14_runtime=14.36.32532=hdcecf7f_17
vs2015_runtime=14.36.32532=h05e6639_17
wheel=0.41.2=pyhd8ed1ab_0
xz=5.2.6=h8d14728_0
